-120902,28777774 -298396,938090504 -162654,642169453 1,04047884443892 -0,289845558116143 -0,148106691565716 0
-120901,247298896 -298397,227936062 -162654,790276145 1,0404798712324 -0,289843023904109 -0,14810531017972 1
-120900,206819025 -298397,517779086 -162654,938381455 1,04048089801742 -0,289840489688724 -0,148103928791981 2
-120899,166338127 -298397,807619576 -162655,086485384 1,04048192479395 -0,289837955469988 -0,1481025474025 3
-120898,125856202 -298398,097457531 -162655,234587931 1,04048295156201 -0,289835421247902 -0,148101166011276 4
-120897,08537325 -298398,387292953 -162655,382689097 1,04048397832159 -0,289832887022465 -0,148099784618309 5
-120896,044889272 -298398,67712584 -162655,530788882 1,0404850050727 -0,289830352793677 -0,148098403223601 6
-120895,004404267 -298398,966956192 -162655,678887285 1,04048603181533 -0,289827818561539 -0,14809702182715 7
-120893,963918235 -298399,256784011 -162655,826984307 1,04048705854948 -0,28982528432605 -0,148095640428956 8
-120892,923431177 -298399,546609295 -162655,975079947 1,04048808527516 -0,289822750087211 -0,14809425902902 9
-120891,882943091 -298399,836432045 -162656,123174206 1,04048911199236 -0,289820215845021 -0,148092877627342 10
-120890,842453979 -298400,126252261 -162656,271267084 1,04049013870108 -0,289817681599481 -0,148091496223922 11
-120889,801963841 -298400,416069943 -162656,41935858 1,04049116540133 -0,28981514735059 -0,148090114818759 12
-120888,761472675 -298400,70588509 -162656,567448695 1,0404921920931 -0,289812613098349 -0,148088733411853 13
-120887,720980483 -298400,995697703 -162656,715537428 1,04049321877639 -0,289810078842757 -0,148087352003206 14
-120886,680487264 -298401,285507782 -162656,86362478 1,04049424545121 -0,289807544583815 -0,148085970592816 15
-120885,639993019 -298401,575315327 -162657,011710751 1,04049527211755 -0,289805010321523 -0,148084589180684 16
-120884,599497747 -298401,865120337 -162657,15979534 1,04049629877541 -0,28980247605588 -0,148083207766809 17
-120883,559001448 -298402,154922813 -162657,307878548 1,0404973254248 -0,289799941786888 -0,148081826351193 18
-120882,518504123 -298402,444722755 -162657,455960374 1,04049835206571 -0,289797407514544 -0,148080444933834 19
-120881,478005771 -298402,734520162 -162657,604040819 1,04049937869815 -0,289794873238851 -0,148079063514732 20
-120880,437506392 -298403,024315035 -162657,752119882 1,04050040532211 -0,289792338959807 -0,148077682093889 21
-120879,397005987 -298403,314107374 -162657,900197565 1,04050143193759 -0,289789804677414 -0,148076300671303 22
-120878,356504555 -298403,603897179 -162658,048273865 1,04050245854459 -0,28978727039167 -0,148074919246975 23
-120877,316002096 -298403,89368445 -162658,196348784 1,04050348514312 -0,289784736102575 -0,148073537820905 24
-120876,275498611 -298404,183469186 -162658,344422322 1,04050451173317 -0,289782201810131 -0,148072156393093 25
-120875,234994099 -298404,473251387 -162658,492494479 1,04050553831475 -0,289779667514337 -0,148070774963539 26
-120874,194488561 -298404,763031055 -162658,640565254 1,04050656488785 -0,289777133215192 -0,148069393532242 27
-120873,153981996 -298405,052808188 -162658,788634647 1,04050759145247 -0,289774598912698 -0,148068012099204 28
-120872,113474404 -298405,342582787 -162658,936702659 1,04050861800861 -0,289772064606853 -0,148066630664423 29
-120871,072965786 -298405,632354852 -162659,08476929 1,04050964455628 -0,289769530297658 -0,1480652492279 30
-120870,032456142 -298405,922124382 -162659,232834539 1,04051067109547 -0,289766995985114 -0,148063867789635 31
-120868,991945471 -298406,211891378 -162659,380898407 1,04051169762619 -0,289764461669219 -0,148062486349628 32
-120867,951433773 -298406,50165584 -162659,528960893 1,04051272414843 -0,289761927349975 -0,148061104907879 33
-120866,910921049 -298406,791417767 -162659,677021998 1,04051375066219 -0,28975939302738 -0,148059723464388 34
-120865,870407298 -298407,08117716 -162659,825081722 1,04051477716747 -0,289756858701436 -0,148058342019154 35
-120864,829892521 -298407,370934019 -162659,973140064 1,04051580366428 -0,289754324372142 -0,148056960572179 36
-120863,789376718 -298407,660688343 -162660,121197024 1,04051683015261 -0,289751790039498 -0,148055579123462 37
-120862,748859887 -298407,950440133 -162660,269252603 1,04051785663246 -0,289749255703504 -0,148054197673003 38
-120861,708342031 -298408,240189389 -162660,417306801 1,04051888310384 -0,289746721364161 -0,148052816220801 39
-120860,667823148 -298408,52993611 -162660,565359617 1,04051990956674 -0,289744187021467 -0,148051434766858 40
-120859,627303238 -298408,819680297 -162660,713411052 1,04052093602116 -0,289741652675424 -0,148050053311173 41
-120858,586782302 -298409,10942195 -162660,861461105 1,0405219624671 -0,289739118326031 -0,148048671853746 42
-120857,54626034 -298409,399161068 -162661,009509777 1,04052298890457 -0,289736583973289 -0,148047290394577 43
-120856,505737351 -298409,688897652 -162661,157557068 1,04052401533356 -0,289734049617196 -0,148045908933666 44
-120855,465213335 -298409,978631702 -162661,305602977 1,04052504175408 -0,289731515257755 -0,148044527471013 45
-120854,424688294 -298410,268363217 -162661,453647504 1,04052606816612 -0,289728980894963 -0,148043146006618 46
-120853,384162225 -298410,558092198 -162661,60169065 1,04052709456968 -0,289726446528822 -0,148041764540481 47
-120852,343635131 -298410,847818645 -162661,749732415 1,04052812096476 -0,289723912159331 -0,148040383072603 48
-120851,30310701 -298411,137542557 -162661,897772798 1,04052914735137 -0,289721377786491 -0,148039001602982 49
-120850,262577863 -298411,427263935 -162662,045811799 1,0405301737295 -0,289718843410301 -0,14803762013162 50
-120849,222047689 -298411,716982778 -162662,193849419 1,04053120009915 -0,289716309030762 -0,148036238658516 51
-120848,181516489 -298412,006699087 -162662,341885658 1,04053222646032 -0,289713774647873 -0,14803485718367 52
-120847,140984262 -298412,296412862 -162662,489920515 1,04053325281302 -0,289711240261635 -0,148033475707082 53
-120846,100451009 -298412,586124102 -162662,637953991 1,04053427915724 -0,289708705872047 -0,148032094228753 54
-120845,05991673 -298412,875832808 -162662,785986085 1,04053530549299 -0,28970617147911 -0,148030712748681 55
-120844,019381425 -298413,165538979 -162662,934016798 1,04053633182025 -0,289703637082824 -0,148029331266868 56
-120842,978845093 -298413,455242616 -162663,082046129 1,04053735813904 -0,289701102683188 -0,148027949783314 57
-120841,938307735 -298413,744943719 -162663,230074079 1,04053838444935 -0,289698568280203 -0,148026568298017 58
-120840,89776935 -298414,034642287 -162663,378100647 1,04053941075119 -0,289696033873869 -0,148025186810979 59
-120839,85722994 -298414,324338321 -162663,526125834 1,04054043704454 -0,289693499464185 -0,148023805322199 60
-120838,816689503 -298414,614031821 -162663,674149639 1,04054146332942 -0,289690965051152 -0,148022423831677 61
-120837,776148039 -298414,903722786 -162663,822172063 1,04054248960583 -0,28968843063477 -0,148021042339414 62
-120836,73560555 -298415,193411216 -162663,970193106 1,04054351587375 -0,289685896215038 -0,148019660845409 63
-120835,695062034 -298415,483097112 -162664,118212766 1,0405445421332 -0,289683361791958 -0,148018279349662 64
-120834,654517492 -298415,772780474 -162664,266231046 1,04054556838417 -0,289680827365528 -0,148016897852174 65
-120833,613971923 -298416,062461302 -162664,414247944 1,04054659462667 -0,289678292935749 -0,148015516352944 66
-120832,573425329 -298416,352139595 -162664,56226346 1,04054762086068 -0,289675758502621 -0,148014134851972 67
-120831,532877708 -298416,641815353 -162664,710277595 1,04054864708622 -0,289673224066144 -0,148012753349259 68
-120830,492329061 -298416,931488577 -162664,858290348 1,04054967330328 -0,289670689626318 -0,148011371844804 69
-120829,451779387 -298417,221159267 -162665,00630172 1,04055069951187 -0,289668155183142 -0,148009990338608 70
-120828,411228688 -298417,510827422 -162665,15431171 1,04055172571197 -0,289665620736618 -0,14800860883067 71
-120827,370676962 -298417,800493043 -162665,302320319 1,0405527519036 -0,289663086286745 -0,148007227320991 72
-120826,33012421 -298418,090156129 -162665,450327546 1,04055377808675 -0,289660551833523 -0,14800584580957 73
-120825,289570432 -298418,379816681 -162665,598333392 1,04055480426143 -0,289658017376952 -0,148004464296407 74
-120824,249015628 -298418,669474698 -162665,746337857 1,04055583042762 -0,289655482917031 -0,148003082781503 75
-120823,208459798 -298418,959130181 -162665,894340939 1,04055685658534 -0,289652948453762 -0,148001701264857 76
-120822,167902941 -298419,24878313 -162666,042342641 1,04055788273458 -0,289650413987144 -0,14800031974647 77
-120821,127345058 -298419,538433543 -162666,19034296 1,04055890887535 -0,289647879517178 -0,147998938226342 78
-120820,086786149 -298419,828081423 -162666,338341899 1,04055993500763 -0,289645345043862 -0,147997556704472 79
-120819,046226214 -298420,117726768 -162666,486339455 1,04056096113144 -0,289642810567198 -0,147996175180861 80
-120818,005665253 -298420,407369579 -162666,63433563 1,04056198724677 -0,289640276087185 -0,147994793655508 81
-120816,965103266 -298420,697009855 -162666,782330424 1,04056301335363 -0,289637741603823 -0,147993412128413 82
-120815,924540253 -298420,986647596 -162666,930323836 1,040564039452 -0,289635207117112 -0,147992030599578 83
-120814,883976213 -298421,276282804 -162667,078315867 1,0405650655419 -0,289632672627053 -0,147990649069001 84
-120813,843411148 -298421,565915476 -162667,226306516 1,04056609162332 -0,289630138133645 -0,147989267536682 85
-120812,802845056 -298421,855545614 -162667,374295783 1,04056711769626 -0,289627603636888 -0,147987886002623 86
-120811,762277938 -298422,145173218 -162667,522283669 1,04056814376073 -0,289625069136783 -0,147986504466821 87
-120810,721709794 -298422,434798287 -162667,670270174 1,04056916981671 -0,289622534633329 -0,147985122929279 88
-120809,681140625 -298422,724420822 -162667,818255297 1,04057019586422 -0,289620000126526 -0,147983741389995 89
-120808,640570429 -298423,014040822 -162667,966239038 1,04057122190325 -0,289617465616375 -0,14798235984897 90
-120807,599999207 -298423,303658287 -162668,114221398 1,04057224793381 -0,289614931102876 -0,147980978306203 91
-120806,559426959 -298423,593273219 -162668,262202376 1,04057327395588 -0,289612396586028 -0,147979596761696 92
-120805,518853685 -298423,882885615 -162668,410181973 1,04057429996948 -0,289609862065831 -0,147978215215447 93
-120804,478279385 -298424,172495477 -162668,558160188 1,0405753259746 -0,289607327542286 -0,147976833667456 94
-120803,437704059 -298424,462102805 -162668,706137022 1,04057635197125 -0,289604793015392 -0,147975452117725 95
-120802,397127707 -298424,751707598 -162668,854112474 1,04057737795941 -0,28960225848515 -0,147974070566252 96
-120801,356550329 -298425,041309856 -162669,002086545 1,0405784039391 -0,28959972395156 -0,147972689013038 97
-120800,315971925 -298425,33090958 -162669,150059234 1,04057942991031 -0,289597189414621 -0,147971307458083 98
-120799,275392495 -298425,62050677 -162669,298030541 1,04058045587304 -0,289594654874334 -0,147969925901387 99
